week       1.0x end   lot    1.5x end   lot    2.0x end   lot    3.0x end   lot
03-30       1058.55  0.01     1058.55  0.01     1117.10  0.02     1175.65  0.03
04-06       1558.74  0.01     1344.88  0.01     1811.95  0.02     2309.02  0.04
04-13       1761.91  0.01     1596.56  0.02     2526.60  0.04     3600.28  0.10
04-20       1904.97  0.01     1807.13  0.03     2896.62  0.06     4028.11  0.15
04-27       1821.07  0.01     1698.98  0.02     2489.98  0.06     3152.12  0.13
05-04       2393.73  0.02     2740.63  0.03     4864.12  0.07     8059.22  0.16
05-11       2908.06  0.03     3900.37  0.06     7724.78  0.17    15418.32  0.54
05-18       3223.92  0.02     4668.19  0.05    10195.41  0.15    22236.83  0.46
05-25       3727.55  0.03     5386.75  0.08    12575.32  0.27    28351.88  0.97
06-01       3747.04  0.04     5365.96  0.09    12241.17  0.30    25732.51  1.06
06-08       5484.15  0.05     9178.00  0.15    21602.19  0.49    49536.63  1.84
06-15       5961.96  0.05    10369.16  0.14    25310.54  0.47    58980.80  1.60
06-22       7859.65  0.08    14287.81  0.24    37383.40  0.88    88154.23  3.44
06-29       9080.65  0.08    17411.96  0.23    47698.63  0.81   120592.15  2.87
07-06      15924.16  0.15    39359.21  0.55   135330.39  2.49   505091.47 13.48
07-13      23388.16  0.23    69485.05  1.02   279382.18  5.45  1378849.31 39.99
07-20      21128.19  0.22    58370.76  0.95   216520.70  4.88   880130.61 31.84
07-27      20259.32  0.20    54637.08  0.81   196267.05  3.92   736830.41 22.12


